              precision    recall  f1-score   support

           1     0.0000    0.0000    0.0000         0
           2     0.7812    0.6757    0.7246       518
           3     0.8008    0.7324    0.7651       527
           4     0.7805    0.7236    0.7510       521
           5     0.6774    0.7621    0.7173       496
           6     0.4940    0.8740    0.6312       516
           7     0.7203    0.8285    0.7706       519
           8     0.8134    0.6589    0.7281       516
           9     0.8070    0.6970    0.7480       528
          10     0.7673    0.7291    0.7477       502
          11     0.7194    0.7679    0.7429       474
          12     0.5524    0.8075    0.6560       509
          13     0.7885    0.7559    0.7719       508
          14     0.7646    0.7379    0.7510       515
          15     0.8068    0.6853    0.7411       518
          16     0.7794    0.7390    0.7586       521
          17     0.5559    0.7780    0.6484       518
          18     0.7419    0.7588    0.7503       481
          19     0.7654    0.7384    0.7517       539
          20     0.7363    0.6952    0.7152       502
          21     0.5716    0.8059    0.6689       505
          22     0.8346    0.6482    0.7297       506
          23     0.7274    0.7359    0.7317       515
          24     0.5325    0.8585    0.6573       516
          25     0.6953    0.7791    0.7348       498
          26     0.7409    0.7689    0.7546       502
          27     0.5040    0.8124    0.6220       469
          28     0.5374    0.8193    0.6490       509
          29     0.8018    0.7068    0.7513       498
          30     0.7525    0.7086    0.7299       532
          31     0.7768    0.6880    0.7297       516
          32     0.7966    0.6554    0.7191       502
          33     0.7909    0.7059    0.7460       493
          34     0.7330    0.7544    0.7435       513
          35     0.7902    0.6780    0.7298       500
          36     0.7442    0.7802    0.7618       496
          37     0.7691    0.7078    0.7372       527
          38     0.7908    0.6250    0.6982       520
          39     0.7815    0.6528    0.7114       504
          40     0.7024    0.7229    0.7125       480
          41     0.8264    0.6736    0.7422       530
          42     0.7478    0.7104    0.7286       480
          43     0.7944    0.6925    0.7399       491
          44     0.7403    0.7686    0.7542       523
          45     0.7186    0.7823    0.7491       519
          46     0.7871    0.6502    0.7121       546
          47     0.7884    0.7252    0.7555       524
          48     0.8329    0.6740    0.7451       503
          49     0.7660    0.7226    0.7437       530
          50     0.8554    0.6236    0.7213       550
          51     0.7775    0.7407    0.7587       486
          52     0.6921    0.8134    0.7479       536
          53     0.7800    0.6737    0.7230       521
          54     0.7444    0.7551    0.7497       486
          55     0.7548    0.7407    0.7476       536
          56     0.7369    0.7560    0.7463       504
          57     0.8049    0.6494    0.7189       502
          58     0.7505    0.7778    0.7639       522
          59     0.6822    0.7614    0.7196       482
          60     0.7367    0.7293    0.7330       495
          61     0.6553    0.7456    0.6975       515
          62     0.6927    0.7854    0.7362       508
          63     0.7708    0.7708    0.7708       528
          64     0.7591    0.7129    0.7353       526
          65     0.7602    0.7955    0.7775       538
          66     0.7394    0.7079    0.7233       517
          67     0.7485    0.7266    0.7374       512
          68     0.7273    0.8217    0.7716       516
          69     0.8135    0.7098    0.7581       510
          70     0.7180    0.7500    0.7336       516
          71     0.7815    0.6982    0.7375       507
          72     0.7426    0.7000    0.7207       540
          73     0.8109    0.7596    0.7844       570
          74     0.7960    0.7012    0.7456       512
          75     0.7438    0.6946    0.7183       514
          76     0.7423    0.6488    0.6924       484
          77     0.7698    0.7549    0.7623       514
          78     0.7934    0.6245    0.6989       498
          79     0.7846    0.6745    0.7254       513
          80     0.7460    0.7011    0.7229       532
          81     0.8284    0.7045    0.7614       555
          82     0.7215    0.6701    0.6948       491
          83     0.7124    0.7544    0.7328       509
          84     0.6908    0.7535    0.7208       507
          85     0.7678    0.6291    0.6916       515
          86     0.7642    0.7176    0.7402       524
          87     0.7523    0.7247    0.7382       574
          88     0.7564    0.7140    0.7346       535
          89     0.7686    0.6557    0.7077       456
          90     0.6957    0.7299    0.7124       448
          91     0.7762    0.7119    0.7426       531
          92     0.7883    0.6836    0.7322       512
          93     0.7611    0.7031    0.7310       512
          94     0.7792    0.6597    0.7144       476
          95     0.7413    0.7041    0.7222       517
          96     0.7257    0.7575    0.7412       503
          97     0.7975    0.7495    0.7728       515
          98     0.7664    0.7077    0.7358       496
          99     0.7690    0.6887    0.7267       469
         100     0.7429    0.7291    0.7360       539
         101     0.7614    0.6847    0.7210       536
         102     0.7445    0.7061    0.7248       524
         103     0.7473    0.7010    0.7234       485
         104     0.8395    0.6628    0.7407       513
         105     0.7829    0.7049    0.7418       532
         106     0.7882    0.6647    0.7212       504
         107     0.7748    0.6362    0.6987       503
         108     0.7570    0.7684    0.7626       531
         109     0.7532    0.7373    0.7452       472
         110     0.7958    0.7029    0.7465       488
         111     0.7233    0.7593    0.7409       482
         112     0.7313    0.7285    0.7299       523
         113     0.8154    0.6709    0.7361       474
         114     0.7323    0.7168    0.7244       519
         115     0.7592    0.7013    0.7291       472
         116     0.7568    0.7495    0.7531       519
         117     0.7694    0.7482    0.7586       544
         118     0.7124    0.7380    0.7250       500
         119     0.7417    0.7827    0.7616       543
         120     0.8107    0.6751    0.7367       514
         121     0.7484    0.7500    0.7492       472
         122     0.7563    0.6990    0.7265       515
         123     0.7031    0.7759    0.7377       464
         124     0.7308    0.7637    0.7469       512
         125     0.7927    0.6616    0.7212       526
         126     0.7323    0.7515    0.7418       495
         127     0.7627    0.7122    0.7366       483
         128     0.7988    0.7318    0.7638       537
         129     0.7620    0.7285    0.7449       523
         130     0.7602    0.7540    0.7571       496
         131     0.7638    0.7137    0.7379       503
         132     0.7681    0.6411    0.6989       496
         133     0.7234    0.7083    0.7158       480
         134     0.8045    0.6871    0.7412       521
         135     0.7615    0.7194    0.7398       506
         136     0.6875    0.7348    0.7104       494
         137     0.7178    0.7119    0.7149       486
         138     0.7515    0.7441    0.7478       512
         139     0.7722    0.7309    0.7510       524
         140     0.7346    0.7169    0.7256       498
         141     0.8005    0.6195    0.6985       473
         142     0.6644    0.7895    0.7216       494
         143     0.7505    0.7241    0.7370       540
         144     0.7081    0.7621    0.7341       538
         145     0.7320    0.7002    0.7157       507
         146     0.7179    0.8124    0.7623       517
         147     0.7119    0.7515    0.7311       503
         148     0.7874    0.7495    0.7680       519
         149     0.7054    0.7669    0.7349       459
         150     0.7111    0.7471    0.7287       514
         151     0.7011    0.7947    0.7449       487
         152     0.7138    0.7917    0.7507       504
         153     0.7193    0.7292    0.7242       506
         154     0.7285    0.7701    0.7487       561
         155     0.7663    0.7288    0.7471       531
         156     0.7175    0.7189    0.7182       491
         157     0.7950    0.7495    0.7716       507
         158     0.7812    0.7511    0.7659       466
         159     0.7484    0.7377    0.7430       488
         160     0.7414    0.7020    0.7212       490
         161     0.7818    0.7234    0.7515       535
         162     0.7574    0.7680    0.7627       500
         163     0.7110    0.7952    0.7507       498
         164     0.8113    0.6867    0.7438       482
         165     0.8035    0.7244    0.7619       508
         166     0.8014    0.6806    0.7361       504
         167     0.7793    0.7119    0.7441       486
         168     0.7844    0.7261    0.7541       566
         169     0.7567    0.7538    0.7552       528
         170     0.7580    0.7609    0.7595       527
         171     0.7205    0.7535    0.7366       503
         172     0.7699    0.7056    0.7364       479
         173     0.7066    0.7317    0.7190       451
         174     0.7124    0.7773    0.7435       494
         175     0.6985    0.7570    0.7266       502
         176     0.7631    0.7238    0.7429       543
         177     0.7621    0.7537    0.7579       544
         178     0.7797    0.6916    0.7330       522
         179     0.7591    0.7470    0.7530       502
         180     0.7263    0.7538    0.7398       528
         181     0.6743    0.7762    0.7216       496
         182     0.7254    0.7691    0.7466       498
         183     0.8109    0.6967    0.7495       511
         184     0.8058    0.7311    0.7666       528
         185     0.7748    0.7514    0.7629       531
         186     0.7164    0.7378    0.7269       534
         187     0.7762    0.7639    0.7700       504
         188     0.8560    0.6205    0.7194       498
         189     0.7744    0.6542    0.7093       509
         190     0.7898    0.6654    0.7223       514
         191     0.7490    0.6837    0.7149       528
         192     0.7634    0.7680    0.7657       500
         193     0.7607    0.6906    0.7240       488
         194     0.7857    0.7006    0.7407       471
         195     0.7562    0.7364    0.7462       535
         196     0.7148    0.7933    0.7520       537
         197     0.7811    0.7237    0.7513       503
         198     0.7785    0.6766    0.7240       504
         199     0.7706    0.7221    0.7455       493
         200     0.7692    0.7356    0.7520       503
         201     0.7446    0.7490    0.7468       506
         202     0.5348    0.8794    0.6651       481
         203     0.7483    0.6957    0.7211       470
         204     0.7906    0.7115    0.7490       520
         205     0.7866    0.6391    0.7052       496
         206     0.8058    0.7395    0.7712       522
         207     0.8000    0.7419    0.7699       496
         208     0.5969    0.8053    0.6856       524
         209     0.7872    0.6418    0.7071       536
         210     0.8162    0.7332    0.7725       551
         211     0.7623    0.7078    0.7340       503
         212     0.7471    0.7545    0.7507       505
         213     0.5923    0.7751    0.6715       538
         214     0.7500    0.6135    0.6749       445
         215     0.8000    0.6547    0.7201       501
         216     0.6973    0.7665    0.7303       514
         217     0.5487    0.8299    0.6606       529
         218     0.7696    0.6585    0.7097       492
         219     0.7331    0.7780    0.7549       473
         220     0.5178    0.8497    0.6435       479
         221     0.7546    0.7409    0.7477       548
         222     0.7634    0.7590    0.7612       527
         223     0.5745    0.8364    0.6811       544
         224     0.5238    0.8209    0.6395       469
         225     0.8100    0.7240    0.7646       471
         226     0.7651    0.7245    0.7442       490
         227     0.6613    0.7811    0.7163       530
         228     0.6908    0.7495    0.7190       483
         229     0.6787    0.7996    0.7342       494
         230     0.5144    0.8840    0.6503       526
         231     0.7452    0.7297    0.7374       481
         232     0.7620    0.7394    0.7505       472
         233     0.8229    0.6626    0.7341       575
         234     0.7468    0.7297    0.7382       481
         235     0.7575    0.7590    0.7583       498
         236     0.5273    0.8476    0.6501       479
         237     0.7738    0.7271    0.7497       480
         238     0.7500    0.7301    0.7399       489
         239     0.7619    0.7316    0.7465       503
         240     0.6546    0.7388    0.6942       490
         241     0.5790    0.7824    0.6655       501
         242     0.7848    0.7059    0.7433       527
         243     0.7747    0.7402    0.7571       562
         244     0.7105    0.7430    0.7264       502
         245     0.5094    0.8308    0.6316       520
         246     0.8111    0.6875    0.7442       512
         247     0.7759    0.7525    0.7640       497
         248     0.4828    0.8737    0.6220       499
         249     0.7387    0.7387    0.7387       555
         250     0.7583    0.7862    0.7720       491
         251     0.5517    0.8337    0.6640       499
         252     0.5162    0.8614    0.6456       498
         253     0.8079    0.7255    0.7645       510
         254     0.7835    0.6453    0.7077       499
         255     0.7332    0.7087    0.7207       508
         256     0.7154    0.7253    0.7203       506
         257     0.7135    0.7399    0.7264       542
         258     0.5343    0.8519    0.6567       540
         259     0.7463    0.7204    0.7331       490
         260     0.7655    0.7262    0.7454       526
         261     0.8025    0.6394    0.7118       502
         262     0.7531    0.6971    0.7240       525
         263     0.7667    0.7160    0.7404       514
         264     0.5470    0.7966    0.6486       526
         265     0.8124    0.6961    0.7497       510
         266     0.8432    0.6562    0.7380       541
         267     0.7229    0.7606    0.7413       518
         268     0.7018    0.7661    0.7325       513
         269     0.5688    0.8511    0.6819       544
         270     0.7244    0.7360    0.7302       500
         271     0.7657    0.7625    0.7641       480
         272     0.7322    0.7652    0.7483       511
         273     0.5533    0.8321    0.6646       524
         274     0.7914    0.6777    0.7301       515
         275     0.7888    0.6829    0.7320       514
         276     0.4939    0.8520    0.6253       473
         277     0.7011    0.7439    0.7219       492
         278     0.7530    0.7560    0.7545       504
         279     0.5362    0.8693    0.6633       528
         280     0.5349    0.8760    0.6642       508
         281     0.7600    0.7037    0.7308       513
         282     0.8019    0.7697    0.7854       547
         283     0.8085    0.6667    0.7308       513
         284     0.7217    0.7705    0.7453       488
         285     0.7662    0.7706    0.7684       523
         286     0.5542    0.8413    0.6682       523
         287     0.7918    0.7307    0.7600       531
         288     0.7884    0.7010    0.7421       505
         289     0.7797    0.7095    0.7429       444
         290     0.7051    0.7906    0.7454       487
         291     0.7593    0.7292    0.7440       506
         292     0.5449    0.8232    0.6557       509
         293     0.7782    0.7374    0.7572       514
         294     0.7464    0.7559    0.7511       549
         295     0.7605    0.7175    0.7384       531
         296     0.7109    0.7433    0.7267       483
         297     0.5716    0.7964    0.6656       506
         298     0.7533    0.7019    0.7267       483
         299     0.7709    0.6831    0.7243       527
         300     0.6882    0.7984    0.7392       506
         301     0.5862    0.8384    0.6899       495
         302     0.7326    0.7380    0.7353       542
         303     0.7414    0.7429    0.7422       494
         304     0.5315    0.8102    0.6419       511
         305     0.7269    0.8024    0.7628       501
         306     0.6987    0.7889    0.7411       488
         307     0.5234    0.8198    0.6389       505
         308     0.5995    0.8529    0.7041       544
         309     0.7578    0.7607    0.7592       514
         310     0.7562    0.7605    0.7584       522
         311     0.7754    0.7387    0.7566       486
         312     0.7339    0.7251    0.7295       502
         313     0.7460    0.7312    0.7385       506
         314     0.5178    0.8457    0.6423       499
         315     0.7360    0.7331    0.7345       502
         316     0.7670    0.7195    0.7425       549
         317     0.7188    0.7375    0.7280       499
         318     0.6439    0.8096    0.7173       478
         319     0.6954    0.7829    0.7366       525
         320     0.4886    0.8694    0.6256       467
         321     0.7388    0.7288    0.7338       520
         322     0.7671    0.7087    0.7367       539
         323     0.7295    0.7534    0.7412       519
         324     0.7579    0.6809    0.7174       561
         325     0.5788    0.8177    0.6778       521
         326     0.7560    0.6785    0.7152       507
         327     0.7014    0.7695    0.7339       525
         328     0.6499    0.8047    0.7191       466
         329     0.5012    0.8693    0.6358       482
         330     0.7195    0.7278    0.7236       518
         331     0.7225    0.7667    0.7439       540
         332     0.5844    0.8470    0.6916       523
         333     0.7710    0.7069    0.7375       481
         334     0.6985    0.7675    0.7314       486
         335     0.5523    0.8407    0.6667       546
         336     0.5450    0.8582    0.6667       522
         337     0.7544    0.7617    0.7580       512
         338     0.7741    0.7312    0.7520       506
         339     0.7771    0.7276    0.7515       503
         340     0.7531    0.7336    0.7432       503
         341     0.7349    0.8066    0.7691       512
         342     0.5423    0.8279    0.6553       488
         343     0.7500    0.7500    0.7500       508
         344     0.7713    0.7398    0.7552       515
         345     0.8018    0.6990    0.7469       515
         346     0.7384    0.7629    0.7505       544
         347     0.7451    0.7570    0.7510       502
         348     0.5436    0.8382    0.6595       513
         349     0.7754    0.7679    0.7716       517
         350     0.7029    0.7304    0.7164       460
         351     0.7950    0.6922    0.7400       510
         352     0.7616    0.7293    0.7451       495
         353     0.5593    0.8148    0.6633       486
         354     0.7585    0.7379    0.7480       515
         355     0.8162    0.7215    0.7659       517
         356     0.7201    0.7395    0.7297       522
         357     0.5784    0.8051    0.6732       513
         358     0.7754    0.7566    0.7659       534
         359     0.7528    0.7642    0.7584       530
         360     0.5369    0.8462    0.6570       507
         361     0.7295    0.7622    0.7455       513
         362     0.7701    0.7350    0.7521       483
         363     0.5021    0.8981    0.6441       540
         364     0.5275    0.8658    0.6556       477
         365     0.7621    0.7592    0.7606       519
         366     0.7757    0.6487    0.7065       501
         367     0.7319    0.6991    0.7151       535
         368     0.7808    0.6854    0.7300       499
         369     0.6866    0.7638    0.7232       525
         370     0.7108    0.8130    0.7585       508
         371     0.7825    0.6777    0.7263       515
         372     0.7692    0.7484    0.7587       481
         373     0.8381    0.6506    0.7326       541
         374     0.7922    0.6653    0.7232       487
         375     0.7592    0.7350    0.7469       532
         376     0.7138    0.7416    0.7274       538
         377     0.8601    0.6294    0.7269       537
         378     0.7667    0.6974    0.7305       509
         379     0.7464    0.7081    0.7267       507
         380     0.6766    0.7831    0.7260       521
         381     0.7253    0.7557    0.7402       524
         382     0.8272    0.6333    0.7174       499
         383     0.7783    0.7464    0.7620       489
         384     0.7390    0.7275    0.7332       510
         385     0.7400    0.7209    0.7303       541
         386     0.8259    0.6336    0.7171       494
         387     0.7743    0.7096    0.7405       551
         388     0.6592    0.8126    0.7279       507
         389     0.7785    0.6895    0.7313       525
         390     0.7389    0.7717    0.7549       495
         391     0.7227    0.7928    0.7561       526
         392     0.6655    0.7750    0.7161       480
         393     0.7611    0.6870    0.7222       524
         394     0.8651    0.6501    0.7423       503
         395     0.7569    0.7117    0.7336       503
         396     0.7459    0.6618    0.7013       479
         397     0.8175    0.6765    0.7403       510
         398     0.7143    0.7261    0.7202       482
         399     0.8370    0.6544    0.7346       518
         400     0.7728    0.7039    0.7367       493
         401     0.7783    0.6411    0.7031       482
         402     0.8342    0.5897    0.6909       563
         403     0.8018    0.7068    0.7513       515
         404     0.7615    0.7156    0.7379       531
         405     0.8431    0.5925    0.6960       508
         406     0.8065    0.6641    0.7284       521
         407     0.7615    0.6810    0.7190       511
         408     0.7866    0.7329    0.7588       513
         409     0.7381    0.7366    0.7374       505
         410     0.7832    0.6774    0.7265       496
         411     0.7801    0.6977    0.7366       483
         412     0.7704    0.6610    0.7115       472
         413     0.7295    0.7505    0.7398       521
         414     0.7918    0.6687    0.7251       489
         415     0.7240    0.7445    0.7341       458
         416     0.7385    0.8000    0.7680       480
         417     0.7925    0.7123    0.7503       504
         418     0.7975    0.7262    0.7602       526
         419     0.7197    0.7840    0.7504       537
         420     0.7145    0.7962    0.7532       525
         421     0.7746    0.6371    0.6991       507
         422     0.8188    0.6867    0.7469       533
         423     0.7569    0.7365    0.7466       482
         424     0.8170    0.7262    0.7689       504
         425     0.7872    0.7227    0.7536       512
         426     0.7366    0.7505    0.7435       477
         427     0.7593    0.7121    0.7349       514
         428     0.7638    0.7312    0.7471       491
         429     0.8399    0.6520    0.7341       523
         430     0.7915    0.7018    0.7439       503
         431     0.6660    0.7463    0.7039       473
         432     0.7866    0.6835    0.7315       534
         433     0.8568    0.6349    0.7293       556
         434     0.7812    0.7126    0.7453       501
         435     0.7788    0.7303    0.7537       482
         436     0.7525    0.7292    0.7407       517
         437     0.7726    0.7140    0.7422       514
         438     0.7814    0.6720    0.7226       500
         439     0.7590    0.7283    0.7434       519
         440     0.7485    0.7255    0.7368       521
         441     0.7568    0.7495    0.7531       523
         442     0.7550    0.6923    0.7223       494
         443     0.7217    0.6860    0.7034       484
         444     0.7274    0.7731    0.7496       542
         445     0.7401    0.7457    0.7429       527
         446     0.6624    0.7474    0.7023       483
         447     0.7331    0.7556    0.7442       487
         448     0.6857    0.7595    0.7207       474
         449     0.7813    0.6571    0.7138       522
         450     0.7676    0.7415    0.7543       499
         451     0.7874    0.7500    0.7682       548
         452     0.7936    0.6972    0.7423       535
         453     0.7881    0.7181    0.7515       518
         454     0.7320    0.8324    0.7790       525
         455     0.7809    0.6860    0.7303       535
         456     0.7500    0.7319    0.7408       496
         457     0.7681    0.7120    0.7389       493
         458     0.7510    0.7023    0.7258       524
         459     0.7381    0.7045    0.7209       484
         460     0.7093    0.7469    0.7276       490
         461     0.7936    0.6628    0.7223       522
         462     0.7522    0.6920    0.7208       500
         463     0.7489    0.7411    0.7450       479
         464     0.7641    0.7705    0.7673       475
         465     0.7410    0.7323    0.7366       508
         466     0.8131    0.6505    0.7228       495
         467     0.7636    0.7115    0.7366       513
         468     0.7949    0.7408    0.7669       544
         469     0.7338    0.7981    0.7646       525
         470     0.7487    0.6146    0.6751       480
         471     0.7459    0.7490    0.7475       490
         472     0.7698    0.7433    0.7563       522
         473     0.7988    0.6937    0.7425       555
         474     0.7538    0.7773    0.7654       512
         475     0.7528    0.7542    0.7535       537
         476     0.6891    0.7619    0.7237       483
         477     0.7566    0.6859    0.7195       503
         478     0.8415    0.6661    0.7436       542
         479     0.8004    0.7250    0.7608       509
         480     0.7939    0.6962    0.7418       520
         481     0.7797    0.6556    0.7123       540
         482     0.7587    0.7145    0.7360       550
         483     0.7987    0.7051    0.7490       529
         484     0.7731    0.6789    0.7229       492
         485     0.7657    0.6841    0.7226       516
         486     0.7925    0.6857    0.7352       490
         487     0.7384    0.7598    0.7490       483
         488     0.7245    0.7350    0.7297       551
         489     0.8138    0.6057    0.6945       563
         490     0.7632    0.7421    0.7525       508
         491     0.7538    0.7000    0.7259       490
         492     0.7298    0.7227    0.7262       512
         493     0.7288    0.7603    0.7442       509
         494     0.7657    0.6750    0.7175       523
         495     0.7121    0.7320    0.7219       500
         496     0.7476    0.7022    0.7242       544
         497     0.7674    0.7598    0.7636       508
         498     0.7852    0.6660    0.7207       494
         499     0.7839    0.7157    0.7482       517
         500     0.6869    0.8050    0.7413       477
         501     0.7380    0.7455    0.7417       495
         502     0.7517    0.7790    0.7651       552
         503     0.6836    0.7868    0.7316       530
         504     0.6890    0.7943    0.7379       491
         505     0.7182    0.6933    0.7055       489
         506     0.7881    0.6879    0.7346       519
         507     0.6683    0.7996    0.7281       509
         508     0.7753    0.7028    0.7373       535
         509     0.7771    0.6774    0.7238       530
         510     0.7814    0.7537    0.7673       536
         511     0.7840    0.6967    0.7378       521
         512     0.7632    0.7306    0.7465       516
         513     0.7659    0.6931    0.7277       505
         514     0.7866    0.6457    0.7092       508
         515     0.7532    0.7010    0.7262       505
         516     0.7437    0.7452    0.7445       518
         517     0.7948    0.7112    0.7507       561
         518     0.7495    0.7231    0.7361       484
         519     0.7320    0.6685    0.6988       531
         520     0.7176    0.7289    0.7232       509
         521     0.7397    0.7426    0.7412       509
         522     0.7009    0.6626    0.6812       495
         523     0.7547    0.7439    0.7492       488
         524     0.7689    0.6295    0.6922       502
         525     0.7230    0.7495    0.7360       519
         526     0.8190    0.6758    0.7406       509
         527     0.7875    0.6795    0.7295       518
         528     0.7092    0.7221    0.7156       493
         529     0.7683    0.6929    0.7286       560
         530     0.7931    0.7377    0.7644       530
         531     0.7117    0.8078    0.7567       541
         532     0.7051    0.8309    0.7629       544
         533     0.7966    0.7090    0.7502       536
         534     0.7393    0.7421    0.7407       535
         535     0.7744    0.7833    0.7788       526
         536     0.7474    0.7157    0.7312       496
         537     0.7059    0.7529    0.7287       510
         538     0.7202    0.7806    0.7492       465
         539     0.7301    0.7520    0.7409       500
         540     0.7457    0.7442    0.7449       520
         541     0.7772    0.6494    0.7075       462
         542     0.6572    0.7490    0.7001       494
         543     0.6871    0.7640    0.7235       500
         544     0.6702    0.7796    0.7208       490
         545     0.7823    0.7427    0.7620       513
         546     0.7231    0.7287    0.7259       516
         547     0.7244    0.7539    0.7388       516
         548     0.7045    0.8180    0.7570       478
         549     0.7565    0.7315    0.7438       514
         550     0.7733    0.6572    0.7105       493
         551     0.7337    0.7280    0.7308       511
         552     0.7407    0.7169    0.7286       498
         553     0.7207    0.7278    0.7242       507
         554     0.7441    0.6550    0.6967       484
         555     0.7483    0.6798    0.7124       481
         556     0.7464    0.7881    0.7666       519
         557     0.6996    0.7541    0.7258       488
         558     0.7170    0.7324    0.7246       512
         559     0.7159    0.7753    0.7444       494
         560     0.7059    0.7970    0.7487       527
         561     0.7856    0.7612    0.7732       515
         562     0.7695    0.7849    0.7771       502
         563     0.7583    0.7027    0.7295       518
         564     0.7369    0.7456    0.7412       511
         565     0.7054    0.7603    0.7318       463
         566     0.7269    0.7778    0.7515       486
         567     0.7963    0.6905    0.7396       504
         568     0.7299    0.7782    0.7533       514
         569     0.7697    0.7190    0.7435       516
         570     0.7593    0.7688    0.7640       480
         571     0.6976    0.7688    0.7315       558
         572     0.7035    0.7786    0.7392       515
         573     0.7811    0.7253    0.7521       546
         574     0.6904    0.7771    0.7312       525
         575     0.7386    0.6947    0.7159       488
         576     0.7318    0.7535    0.7425       507
         577     0.7703    0.7933    0.7817       537
         578     0.8127    0.6364    0.7138       484
         579     0.7759    0.7423    0.7587       485
         580     0.7106    0.7451    0.7274       514
         581     0.6667    0.7562    0.7086       484
         582     0.7605    0.6769    0.7163       455
         583     0.7257    0.7006    0.7130       491
         584     0.7291    0.7697    0.7488       521
         585     0.7809    0.6582    0.7143       509
         586     0.6912    0.7650    0.7263       515
         587     0.7642    0.7315    0.7475       514
         588     0.6870    0.7823    0.7315       519
         589     0.8156    0.7399    0.7759       496
         590     0.7877    0.6686    0.7233       516
         591     0.7348    0.7391    0.7369       506
         592     0.7166    0.7342    0.7253       489
         593     0.7726    0.7085    0.7392       518
         594     0.7109    0.7067    0.7088       508
         595     0.7561    0.7421    0.7491       539
         596     0.7487    0.7817    0.7648       545
         597     0.7227    0.7430    0.7327       463
         598     0.7712    0.7027    0.7354       518
         599     0.7568    0.7410    0.7488       529
         600     0.7197    0.8015    0.7584       519
         601     0.7605    0.7590    0.7597       502
         602     0.7143    0.8081    0.7583       495
         603     0.7631    0.7096    0.7354       513
         604     0.7826    0.6961    0.7368       543
         605     0.7514    0.7627    0.7570       531
         606     0.7623    0.7551    0.7587       535
         607     0.7182    0.7582    0.7376       521
         608     0.7671    0.6821    0.7221       560
         609     0.7844    0.7529    0.7683       522
         610     0.8165    0.6367    0.7155       545
         611     0.7818    0.6528    0.7115       527
         612     0.6998    0.7953    0.7445       513
         613     0.7741    0.7420    0.7577       531
         614     0.6942    0.7500    0.7210       448
         615     0.7412    0.7712    0.7559       520
         616     0.7191    0.7929    0.7542       507
         617     0.7825    0.7154    0.7475       513
         618     0.8132    0.6230    0.7055       496
         619     0.7704    0.6975    0.7321       529
         620     0.7512    0.6736    0.7102       484
         621     0.8172    0.6716    0.7373       539
         622     0.7374    0.7219    0.7295       525
         623     0.7904    0.7284    0.7581       497
         624     0.7763    0.7597    0.7679       466
         625     0.7520    0.6990    0.7246       525
         626     0.7312    0.6942    0.7122       533
         627     0.7753    0.7135    0.7431       527
         628     0.7849    0.7224    0.7524       490
         629     0.7827    0.6762    0.7256       522
         630     0.7908    0.6961    0.7405       543
         631     0.7896    0.7151    0.7505       509
         632     0.7531    0.7380    0.7455       500
         633     0.7466    0.7881    0.7668       486
         634     0.7291    0.7500    0.7394       488
         635     0.7477    0.7717    0.7595       530
         636     0.7578    0.6828    0.7184       495
         637     0.7055    0.7737    0.7380       517
         638     0.7409    0.7346    0.7377       471
         639     0.7613    0.7166    0.7383       494
         640     0.6990    0.7325    0.7154       501
         641     0.7849    0.6943    0.7368       494
         642     0.7401    0.7159    0.7278       521
         643     0.7387    0.7650    0.7516       532
         644     0.7028    0.7769    0.7380       493
         645     0.7339    0.7490    0.7413       486
         646     0.7856    0.7146    0.7484       487
         647     0.7342    0.7247    0.7294       465
         648     0.7129    0.6654    0.6883       541
         649     0.7973    0.6554    0.7194       534
         650     0.7457    0.7120    0.7285       552
         651     0.7880    0.6432    0.7082       468
         652     0.8056    0.7195    0.7601       524
         653     0.7828    0.6680    0.7208       518
         654     0.7208    0.7567    0.7383       522
         655     0.7117    0.7529    0.7317       518
         656     0.7471    0.7876    0.7668       499
         657     0.7593    0.7505    0.7549       517
         658     0.7538    0.7567    0.7553       522
         659     0.7112    0.7662    0.7377       479
         660     0.7909    0.7265    0.7573       479
         661     0.7520    0.7461    0.7490       516
         662     0.7647    0.6923    0.7267       507
         663     0.7680    0.7476    0.7577       527
         664     0.7963    0.6850    0.7365       508
         665     0.7347    0.7495    0.7420       495
         666     0.7884    0.6743    0.7269       525
         667     0.7859    0.7452    0.7650       522
         668     0.7422    0.7118    0.7267       465
         669     0.7613    0.6758    0.7160       472
         670     0.7900    0.7425    0.7655       532
         671     0.6998    0.7554    0.7265       466
         672     0.7537    0.7725    0.7630       523
         673     0.7634    0.7086    0.7350       501
         674     0.8020    0.6441    0.7144       503
         675     0.7933    0.6660    0.7241       530
         676     0.7692    0.6641    0.7128       512
         677     0.7773    0.6873    0.7295       518
         678     0.7083    0.7505    0.7288       521
         679     0.7894    0.6508    0.7134       547
         680     0.8182    0.7069    0.7585       522
         681     0.7863    0.7276    0.7558       536
         682     0.8141    0.6998    0.7526       513
         683     0.8093    0.7033    0.7526       519
         684     0.7849    0.7621    0.7733       517
         685     0.7718    0.7263    0.7484       475
         686     0.7525    0.7337    0.7430       522
         687     0.7675    0.6959    0.7299       536
         688     0.7664    0.7206    0.7428       519
         689     0.7510    0.7197    0.7350       528
         690     0.7463    0.7407    0.7435       540
         691     0.7696    0.7152    0.7414       453
         692     0.8232    0.7148    0.7652       547
         693     0.7975    0.7414    0.7685       526
         694     0.7775    0.6951    0.7340       528
         695     0.7912    0.7219    0.7550       525
         696     0.7107    0.8020    0.7536       490
         697     0.7572    0.7206    0.7384       476
         698     0.7852    0.6620    0.7183       497
         699     0.7645    0.7790    0.7717       525
         700     0.7410    0.7627    0.7517       510
         701     0.7429    0.7536    0.7482       487
         702     0.7755    0.7064    0.7393       528
         703     0.8152    0.7258    0.7679       547
         704     0.6968    0.7631    0.7285       515
         705     0.7649    0.7370    0.7507       521
         706     0.7364    0.7291    0.7327       502
         707     0.7668    0.6861    0.7242       532
         708     0.8019    0.6733    0.7320       499
         709     0.8187    0.7068    0.7587       556
         710     0.7283    0.7787    0.7526       506
         711     0.7316    0.7797    0.7549       472
         712     0.7486    0.7860    0.7668       500
         713     0.7315    0.7315    0.7315       514
         714     0.7446    0.7868    0.7651       530
         715     0.7283    0.7545    0.7412       501
         716     0.7844    0.7263    0.7543       486
         717     0.7647    0.7086    0.7356       532
         718     0.7741    0.6865    0.7276       539
         719     0.7783    0.6842    0.7282       513
         720     0.7611    0.7736    0.7673       552
         721     0.7631    0.7790    0.7710       525
         722     0.7153    0.7542    0.7342       533
         723     0.7343    0.7618    0.7478       508
         724     0.7651    0.7271    0.7456       524
         725     0.8099    0.7355    0.7709       533
         726     0.7340    0.7718    0.7524       504
         727     0.7700    0.6966    0.7315       524
         728     0.7304    0.7202    0.7253       504
         729     0.7770    0.7188    0.7468       480
         730     0.8246    0.6679    0.7380       542
         731     0.8093    0.6744    0.7357       516
         732     0.7368    0.6985    0.7172       481
         733     0.8043    0.7470    0.7746       506
         734     0.7146    0.7311    0.7227       476
         735     0.7506    0.7263    0.7382       464
         736     0.7941    0.7262    0.7586       515
         737     0.7893    0.7407    0.7642       536
         738     0.7752    0.6815    0.7253       496
         739     0.7098    0.7597    0.7339       541
         740     0.7164    0.7298    0.7230       533
         741     0.7471    0.7602    0.7536       517
         742     0.7509    0.7495    0.7502       551
         743     0.7553    0.7143    0.7342       553
         744     0.7868    0.7010    0.7415       495
         745     0.7767    0.7752    0.7759       516
         746     0.7633    0.7083    0.7348       528
         747     0.7496    0.7812    0.7651       544
         748     0.7225    0.7515    0.7367       499
         749     0.7538    0.7382    0.7460       531
         750     0.7780    0.6705    0.7202       528
         751     0.7684    0.6939    0.7293       526
         752     0.7271    0.7568    0.7417       514
         753     0.7197    0.7255    0.7226       499
         754     0.7462    0.8012    0.7727       488
         755     0.7167    0.7588    0.7371       510
         756     0.7724    0.7338    0.7526       541
         757     0.7500    0.7563    0.7531       476
         758     0.7298    0.7365    0.7331       539
         759     0.7688    0.7475    0.7580       507
         760     0.7224    0.7210    0.7217       509
         761     0.7829    0.6905    0.7338       517
         762     0.7632    0.7646    0.7639       548
         763     0.7749    0.6784    0.7235       538
         764     0.7247    0.7718    0.7475       539
         765     0.7336    0.7743    0.7534       505
         766     0.6934    0.7773    0.7330       512
         767     0.7229    0.8031    0.7609       523
         768     0.7089    0.7427    0.7254       482
         769     0.6990    0.7860    0.7399       514
         770     0.7134    0.8099    0.7586       547
         771     0.7922    0.6893    0.7372       531
         772     0.7651    0.7731    0.7691       476
         773     0.7436    0.6946    0.7183       501
         774     0.7853    0.7299    0.7566       511
         775     0.7835    0.7240    0.7526       500
         776     0.7374    0.7604    0.7487       480
         777     0.7180    0.8023    0.7579       511
         778     0.7370    0.6726    0.7033       504
         779     0.7226    0.7211    0.7218       484
         780     0.7613    0.7568    0.7590       514
         781     0.7758    0.6908    0.7308       511
         782     0.7382    0.7838    0.7603       518
         783     0.7230    0.7172    0.7201       495
         784     0.6876    0.7431    0.7143       471
         785     0.8238    0.6910    0.7516       521

   micro avg     0.7325    0.7325    0.7325    400000
   macro avg     0.7416    0.7317    0.7327    400000
weighted avg     0.7429    0.7325    0.7338    400000


Confusion Matrix:
[[350   3   2 ...   1   1   0]
 [  4 386   2 ...   0   0   0]
 [  1   1 377 ...   0   0   0]
 ...
 [  0   0   0 ... 355   2   0]
 [  0   0   0 ...   1 350   1]
 [  0   0   0 ...   0   6 360]]